0.000000000000000000e+00 0.000000000000000000e+00 0.000000000000000000e+00 0.000000000000000000e+00 0.000000000000000000e+00 0.000000000000000000e+00
0.000000000000000000e+00 0.000000000000000000e+00 0.000000000000000000e+00 0.000000000000000000e+00 0.000000000000000000e+00 0.000000000000000000e+00
0.000000000000000000e+00 0.000000000000000000e+00 0.000000000000000000e+00 0.000000000000000000e+00 0.000000000000000000e+00 0.000000000000000000e+00
0.000000000000000000e+00 0.000000000000000000e+00 0.000000000000000000e+00 0.000000000000000000e+00 0.000000000000000000e+00 0.000000000000000000e+00
0.000000000000000000e+00 0.000000000000000000e+00 0.000000000000000000e+00 0.000000000000000000e+00 0.000000000000000000e+00 0.000000000000000000e+00
0.000000000000000000e+00 0.000000000000000000e+00 0.000000000000000000e+00 0.000000000000000000e+00 0.000000000000000000e+00 0.000000000000000000e+00
0.000000000000000000e+00 0.000000000000000000e+00 0.000000000000000000e+00 0.000000000000000000e+00 0.000000000000000000e+00 0.000000000000000000e+00
0.000000000000000000e+00 0.000000000000000000e+00 0.000000000000000000e+00 0.000000000000000000e+00 0.000000000000000000e+00 0.000000000000000000e+00
0.000000000000000000e+00 0.000000000000000000e+00 0.000000000000000000e+00 0.000000000000000000e+00 0.000000000000000000e+00 0.000000000000000000e+00
0.000000000000000000e+00 0.000000000000000000e+00 0.000000000000000000e+00 0.000000000000000000e+00 0.000000000000000000e+00 0.000000000000000000e+00
0.000000000000000000e+00 0.000000000000000000e+00 0.000000000000000000e+00 0.000000000000000000e+00 0.000000000000000000e+00 0.000000000000000000e+00
0.000000000000000000e+00 0.000000000000000000e+00 0.000000000000000000e+00 0.000000000000000000e+00 0.000000000000000000e+00 0.000000000000000000e+00
0.000000000000000000e+00 0.000000000000000000e+00 0.000000000000000000e+00 0.000000000000000000e+00 0.000000000000000000e+00 0.000000000000000000e+00
0.000000000000000000e+00 0.000000000000000000e+00 0.000000000000000000e+00 0.000000000000000000e+00 0.000000000000000000e+00 0.000000000000000000e+00
0.000000000000000000e+00 0.000000000000000000e+00 0.000000000000000000e+00 0.000000000000000000e+00 0.000000000000000000e+00 0.000000000000000000e+00
0.000000000000000000e+00 0.000000000000000000e+00 0.000000000000000000e+00 0.000000000000000000e+00 0.000000000000000000e+00 0.000000000000000000e+00
0.000000000000000000e+00 0.000000000000000000e+00 0.000000000000000000e+00 0.000000000000000000e+00 0.000000000000000000e+00 0.000000000000000000e+00
0.000000000000000000e+00 0.000000000000000000e+00 0.000000000000000000e+00 0.000000000000000000e+00 0.000000000000000000e+00 0.000000000000000000e+00
0.000000000000000000e+00 0.000000000000000000e+00 0.000000000000000000e+00 0.000000000000000000e+00 0.000000000000000000e+00 0.000000000000000000e+00
0.000000000000000000e+00 0.000000000000000000e+00 0.000000000000000000e+00 0.000000000000000000e+00 0.000000000000000000e+00 0.000000000000000000e+00
0.000000000000000000e+00 0.000000000000000000e+00 0.000000000000000000e+00 0.000000000000000000e+00 0.000000000000000000e+00 0.000000000000000000e+00
0.000000000000000000e+00 0.000000000000000000e+00 0.000000000000000000e+00 0.000000000000000000e+00 0.000000000000000000e+00 0.000000000000000000e+00
0.000000000000000000e+00 0.000000000000000000e+00 0.000000000000000000e+00 0.000000000000000000e+00 0.000000000000000000e+00 0.000000000000000000e+00
0.000000000000000000e+00 0.000000000000000000e+00 0.000000000000000000e+00 0.000000000000000000e+00 0.000000000000000000e+00 0.000000000000000000e+00
0.000000000000000000e+00 0.000000000000000000e+00 0.000000000000000000e+00 0.000000000000000000e+00 0.000000000000000000e+00 0.000000000000000000e+00
0.000000000000000000e+00 0.000000000000000000e+00 0.000000000000000000e+00 0.000000000000000000e+00 0.000000000000000000e+00 0.000000000000000000e+00
4.747268557548522949e-01 4.819409549236297607e-01 2.669447362422943115e-01 8.374966979026794434e-01 7.541895508766174316e-01 8.250294923782348633e-01
4.747268557548522949e-01 4.819409549236297607e-01 2.669447362422943115e-01 8.374966979026794434e-01 7.541895508766174316e-01 8.250294923782348633e-01
4.747268557548522949e-01 4.819409549236297607e-01 2.669447362422943115e-01 8.374966979026794434e-01 7.541895508766174316e-01 8.250294923782348633e-01
4.747268557548522949e-01 4.819409549236297607e-01 2.669447362422943115e-01 8.374966979026794434e-01 7.541895508766174316e-01 8.250294923782348633e-01
4.747268557548522949e-01 4.819409549236297607e-01 2.669447362422943115e-01 8.374966979026794434e-01 7.541895508766174316e-01 8.250294923782348633e-01
4.747268557548522949e-01 4.819409549236297607e-01 2.669447362422943115e-01 8.374966979026794434e-01 7.541895508766174316e-01 8.250294923782348633e-01
4.655461907386779785e-01 5.017718076705932617e-01 2.704395055770874023e-01 8.605846762657165527e-01 7.416364550590515137e-01 8.131509423255920410e-01
4.655461907386779785e-01 5.017718076705932617e-01 2.704395055770874023e-01 8.605846762657165527e-01 7.416364550590515137e-01 8.131509423255920410e-01
4.655461907386779785e-01 5.017718076705932617e-01 2.704395055770874023e-01 8.605846762657165527e-01 7.416364550590515137e-01 8.131509423255920410e-01
4.655461907386779785e-01 5.017718076705932617e-01 2.704395055770874023e-01 8.605846762657165527e-01 7.416364550590515137e-01 8.131509423255920410e-01
4.655461907386779785e-01 5.017718076705932617e-01 2.704395055770874023e-01 8.605846762657165527e-01 7.416364550590515137e-01 8.131509423255920410e-01
4.637041985988616943e-01 5.072999000549316406e-01 2.571198344230651855e-01 8.537151217460632324e-01 7.357836961746215820e-01 8.104805350303649902e-01
4.637041985988616943e-01 5.072999000549316406e-01 2.571198344230651855e-01 8.537151217460632324e-01 7.357836961746215820e-01 8.104805350303649902e-01
4.637041985988616943e-01 5.072999000549316406e-01 2.571198344230651855e-01 8.537151217460632324e-01 7.357836961746215820e-01 8.104805350303649902e-01
4.637041985988616943e-01 5.072999000549316406e-01 2.571198344230651855e-01 8.537151217460632324e-01 7.357836961746215820e-01 8.104805350303649902e-01
4.637041985988616943e-01 5.072999000549316406e-01 2.571198344230651855e-01 8.537151217460632324e-01 7.357836961746215820e-01 8.104805350303649902e-01
4.637041985988616943e-01 5.072999000549316406e-01 2.571198344230651855e-01 8.537151217460632324e-01 7.357836961746215820e-01 8.104805350303649902e-01
4.554719030857086182e-01 5.096881389617919922e-01 2.605109810829162598e-01 8.532151579856872559e-01 7.344728708267211914e-01 8.106134533882141113e-01
4.554719030857086182e-01 5.096881389617919922e-01 2.605109810829162598e-01 8.532151579856872559e-01 7.344728708267211914e-01 8.106134533882141113e-01
4.554719030857086182e-01 5.096881389617919922e-01 2.605109810829162598e-01 8.532151579856872559e-01 7.344728708267211914e-01 8.106134533882141113e-01
4.554719030857086182e-01 5.096881389617919922e-01 2.605109810829162598e-01 8.532151579856872559e-01 7.344728708267211914e-01 8.106134533882141113e-01
4.554719030857086182e-01 5.096881389617919922e-01 2.605109810829162598e-01 8.532151579856872559e-01 7.344728708267211914e-01 8.106134533882141113e-01
4.554719030857086182e-01 5.096881389617919922e-01 2.605109810829162598e-01 8.532151579856872559e-01 7.344728708267211914e-01 8.106134533882141113e-01
4.608474373817443848e-01 5.132774114608764648e-01 2.528687715530395508e-01 8.625550866127014160e-01 7.379833459854125977e-01 8.146355152130126953e-01
4.608474373817443848e-01 5.132774114608764648e-01 2.528687715530395508e-01 8.625550866127014160e-01 7.379833459854125977e-01 8.146355152130126953e-01
4.608474373817443848e-01 5.132774114608764648e-01 2.528687715530395508e-01 8.625550866127014160e-01 7.379833459854125977e-01 8.146355152130126953e-01
4.608474373817443848e-01 5.132774114608764648e-01 2.528687715530395508e-01 8.625550866127014160e-01 7.379833459854125977e-01 8.146355152130126953e-01
4.608474373817443848e-01 5.132774114608764648e-01 2.528687715530395508e-01 8.625550866127014160e-01 7.379833459854125977e-01 8.146355152130126953e-01
4.608474373817443848e-01 5.132774114608764648e-01 2.528687715530395508e-01 8.625550866127014160e-01 7.379833459854125977e-01 8.146355152130126953e-01
4.608474373817443848e-01 5.132774114608764648e-01 2.528687715530395508e-01 8.625550866127014160e-01 7.379833459854125977e-01 8.146355152130126953e-01
4.591806828975677490e-01 5.165420770645141602e-01 2.490691691637039185e-01 8.694400787353515625e-01 7.390664219856262207e-01 8.203349709510803223e-01
4.591806828975677490e-01 5.165420770645141602e-01 2.490691691637039185e-01 8.694400787353515625e-01 7.390664219856262207e-01 8.203349709510803223e-01
4.591806828975677490e-01 5.165420770645141602e-01 2.490691691637039185e-01 8.694400787353515625e-01 7.390664219856262207e-01 8.203349709510803223e-01
4.591806828975677490e-01 5.165420770645141602e-01 2.490691691637039185e-01 8.694400787353515625e-01 7.390664219856262207e-01 8.203349709510803223e-01
4.591806828975677490e-01 5.165420770645141602e-01 2.490691691637039185e-01 8.694400787353515625e-01 7.390664219856262207e-01 8.203349709510803223e-01
4.591806828975677490e-01 5.165420770645141602e-01 2.490691691637039185e-01 8.694400787353515625e-01 7.390664219856262207e-01 8.203349709510803223e-01
4.591806828975677490e-01 5.165420770645141602e-01 2.490691691637039185e-01 8.694400787353515625e-01 7.390664219856262207e-01 8.203349709510803223e-01
4.591806828975677490e-01 5.165420770645141602e-01 2.490691691637039185e-01 8.694400787353515625e-01 7.390664219856262207e-01 8.203349709510803223e-01
4.572519659996032715e-01 5.140887498855590820e-01 2.607526183128356934e-01 8.579025268554687500e-01 7.345271110534667969e-01 8.125651478767395020e-01
4.572519659996032715e-01 5.140887498855590820e-01 2.607526183128356934e-01 8.579025268554687500e-01 7.345271110534667969e-01 8.125651478767395020e-01
4.572519659996032715e-01 5.140887498855590820e-01 2.607526183128356934e-01 8.579025268554687500e-01 7.345271110534667969e-01 8.125651478767395020e-01
4.572519659996032715e-01 5.140887498855590820e-01 2.607526183128356934e-01 8.579025268554687500e-01 7.345271110534667969e-01 8.125651478767395020e-01
4.572519659996032715e-01 5.140887498855590820e-01 2.607526183128356934e-01 8.579025268554687500e-01 7.345271110534667969e-01 8.125651478767395020e-01
4.572519659996032715e-01 5.140887498855590820e-01 2.607526183128356934e-01 8.579025268554687500e-01 7.345271110534667969e-01 8.125651478767395020e-01
4.586997628211975098e-01 5.191047191619873047e-01 2.603143155574798584e-01 8.634080886840820312e-01 7.340517640113830566e-01 8.113813400268554688e-01
4.586997628211975098e-01 5.191047191619873047e-01 2.603143155574798584e-01 8.634080886840820312e-01 7.340517640113830566e-01 8.113813400268554688e-01
4.586997628211975098e-01 5.191047191619873047e-01 2.603143155574798584e-01 8.634080886840820312e-01 7.340517640113830566e-01 8.113813400268554688e-01
4.586997628211975098e-01 5.191047191619873047e-01 2.603143155574798584e-01 8.634080886840820312e-01 7.340517640113830566e-01 8.113813400268554688e-01
4.586997628211975098e-01 5.191047191619873047e-01 2.603143155574798584e-01 8.634080886840820312e-01 7.340517640113830566e-01 8.113813400268554688e-01
4.596353471279144287e-01 5.248326063156127930e-01 2.585479617118835449e-01 8.699419498443603516e-01 7.339959144592285156e-01 8.148967623710632324e-01
4.596353471279144287e-01 5.248326063156127930e-01 2.585479617118835449e-01 8.699419498443603516e-01 7.339959144592285156e-01 8.148967623710632324e-01
4.596353471279144287e-01 5.248326063156127930e-01 2.585479617118835449e-01 8.699419498443603516e-01 7.339959144592285156e-01 8.148967623710632324e-01
4.596353471279144287e-01 5.248326063156127930e-01 2.585479617118835449e-01 8.699419498443603516e-01 7.339959144592285156e-01 8.148967623710632324e-01
4.596353471279144287e-01 5.248326063156127930e-01 2.585479617118835449e-01 8.699419498443603516e-01 7.339959144592285156e-01 8.148967623710632324e-01
4.596353471279144287e-01 5.248326063156127930e-01 2.585479617118835449e-01 8.699419498443603516e-01 7.339959144592285156e-01 8.148967623710632324e-01
4.596353471279144287e-01 5.248326063156127930e-01 2.585479617118835449e-01 8.699419498443603516e-01 7.339959144592285156e-01 8.148967623710632324e-01
4.557387232780456543e-01 5.241134166717529297e-01 2.587172389030456543e-01 8.703580498695373535e-01 7.340577840805053711e-01 8.157418966293334961e-01
4.557387232780456543e-01 5.241134166717529297e-01 2.587172389030456543e-01 8.703580498695373535e-01 7.340577840805053711e-01 8.157418966293334961e-01
4.557387232780456543e-01 5.241134166717529297e-01 2.587172389030456543e-01 8.703580498695373535e-01 7.340577840805053711e-01 8.157418966293334961e-01
4.557387232780456543e-01 5.241134166717529297e-01 2.587172389030456543e-01 8.703580498695373535e-01 7.340577840805053711e-01 8.157418966293334961e-01
4.557387232780456543e-01 5.241134166717529297e-01 2.587172389030456543e-01 8.703580498695373535e-01 7.340577840805053711e-01 8.157418966293334961e-01
4.594423174858093262e-01 5.247879028320312500e-01 2.596833407878875732e-01 8.657047152519226074e-01 7.360041141510009766e-01 8.147501349449157715e-01
4.594423174858093262e-01 5.247879028320312500e-01 2.596833407878875732e-01 8.657047152519226074e-01 7.360041141510009766e-01 8.147501349449157715e-01
4.594423174858093262e-01 5.247879028320312500e-01 2.596833407878875732e-01 8.657047152519226074e-01 7.360041141510009766e-01 8.147501349449157715e-01
4.594423174858093262e-01 5.247879028320312500e-01 2.596833407878875732e-01 8.657047152519226074e-01 7.360041141510009766e-01 8.147501349449157715e-01
4.594423174858093262e-01 5.247879028320312500e-01 2.596833407878875732e-01 8.657047152519226074e-01 7.360041141510009766e-01 8.147501349449157715e-01
4.594423174858093262e-01 5.247879028320312500e-01 2.596833407878875732e-01 8.657047152519226074e-01 7.360041141510009766e-01 8.147501349449157715e-01
4.594423174858093262e-01 5.247879028320312500e-01 2.596833407878875732e-01 8.657047152519226074e-01 7.360041141510009766e-01 8.147501349449157715e-01
4.593498110771179199e-01 5.191318988800048828e-01 2.687618732452392578e-01 8.567417263984680176e-01 7.331056594848632812e-01 8.075681328773498535e-01
4.593498110771179199e-01 5.191318988800048828e-01 2.687618732452392578e-01 8.567417263984680176e-01 7.331056594848632812e-01 8.075681328773498535e-01
4.593498110771179199e-01 5.191318988800048828e-01 2.687618732452392578e-01 8.567417263984680176e-01 7.331056594848632812e-01 8.075681328773498535e-01
4.593498110771179199e-01 5.191318988800048828e-01 2.687618732452392578e-01 8.567417263984680176e-01 7.331056594848632812e-01 8.075681328773498535e-01
4.593498110771179199e-01 5.191318988800048828e-01 2.687618732452392578e-01 8.567417263984680176e-01 7.331056594848632812e-01 8.075681328773498535e-01
4.593498110771179199e-01 5.191318988800048828e-01 2.687618732452392578e-01 8.567417263984680176e-01 7.331056594848632812e-01 8.075681328773498535e-01
4.747789502143859863e-01 5.077992677688598633e-01 2.687218785285949707e-01 8.574302792549133301e-01 7.429220080375671387e-01 8.092926740646362305e-01
4.747789502143859863e-01 5.077992677688598633e-01 2.687218785285949707e-01 8.574302792549133301e-01 7.429220080375671387e-01 8.092926740646362305e-01
4.747789502143859863e-01 5.077992677688598633e-01 2.687218785285949707e-01 8.574302792549133301e-01 7.429220080375671387e-01 8.092926740646362305e-01
4.747789502143859863e-01 5.077992677688598633e-01 2.687218785285949707e-01 8.574302792549133301e-01 7.429220080375671387e-01 8.092926740646362305e-01
4.747789502143859863e-01 5.077992677688598633e-01 2.687218785285949707e-01 8.574302792549133301e-01 7.429220080375671387e-01 8.092926740646362305e-01
4.747789502143859863e-01 5.077992677688598633e-01 2.687218785285949707e-01 8.574302792549133301e-01 7.429220080375671387e-01 8.092926740646362305e-01
4.985538125038146973e-01 4.719670116901397705e-01 2.665572762489318848e-01 8.466618061065673828e-01 7.433475255966186523e-01 8.045766353607177734e-01
4.985538125038146973e-01 4.719670116901397705e-01 2.665572762489318848e-01 8.466618061065673828e-01 7.433475255966186523e-01 8.045766353607177734e-01
4.985538125038146973e-01 4.719670116901397705e-01 2.665572762489318848e-01 8.466618061065673828e-01 7.433475255966186523e-01 8.045766353607177734e-01
4.985538125038146973e-01 4.719670116901397705e-01 2.665572762489318848e-01 8.466618061065673828e-01 7.433475255966186523e-01 8.045766353607177734e-01
4.985538125038146973e-01 4.719670116901397705e-01 2.665572762489318848e-01 8.466618061065673828e-01 7.433475255966186523e-01 8.045766353607177734e-01
4.985538125038146973e-01 4.719670116901397705e-01 2.665572762489318848e-01 8.466618061065673828e-01 7.433475255966186523e-01 8.045766353607177734e-01
4.985538125038146973e-01 4.719670116901397705e-01 2.665572762489318848e-01 8.466618061065673828e-01 7.433475255966186523e-01 8.045766353607177734e-01
4.985538125038146973e-01 4.719670116901397705e-01 2.665572762489318848e-01 8.466618061065673828e-01 7.433475255966186523e-01 8.045766353607177734e-01
4.985538125038146973e-01 4.719670116901397705e-01 2.665572762489318848e-01 8.466618061065673828e-01 7.433475255966186523e-01 8.045766353607177734e-01
5.087432861328125000e-01 4.817844629287719727e-01 2.725609242916107178e-01 8.538118004798889160e-01 7.493723034858703613e-01 8.075409531593322754e-01
5.087432861328125000e-01 4.817844629287719727e-01 2.725609242916107178e-01 8.538118004798889160e-01 7.493723034858703613e-01 8.075409531593322754e-01
5.087432861328125000e-01 4.817844629287719727e-01 2.725609242916107178e-01 8.538118004798889160e-01 7.493723034858703613e-01 8.075409531593322754e-01
5.087432861328125000e-01 4.817844629287719727e-01 2.725609242916107178e-01 8.538118004798889160e-01 7.493723034858703613e-01 8.075409531593322754e-01
5.087432861328125000e-01 4.817844629287719727e-01 2.725609242916107178e-01 8.538118004798889160e-01 7.493723034858703613e-01 8.075409531593322754e-01
5.087432861328125000e-01 4.817844629287719727e-01 2.725609242916107178e-01 8.538118004798889160e-01 7.493723034858703613e-01 8.075409531593322754e-01
5.087432861328125000e-01 4.817844629287719727e-01 2.725609242916107178e-01 8.538118004798889160e-01 7.493723034858703613e-01 8.075409531593322754e-01
5.087432861328125000e-01 4.817844629287719727e-01 2.725609242916107178e-01 8.538118004798889160e-01 7.493723034858703613e-01 8.075409531593322754e-01
5.087432861328125000e-01 4.817844629287719727e-01 2.725609242916107178e-01 8.538118004798889160e-01 7.493723034858703613e-01 8.075409531593322754e-01
4.974922239780426025e-01 4.980294406414031982e-01 2.762838900089263916e-01 8.511896729469299316e-01 7.492899894714355469e-01 8.078482151031494141e-01
4.974922239780426025e-01 4.980294406414031982e-01 2.762838900089263916e-01 8.511896729469299316e-01 7.492899894714355469e-01 8.078482151031494141e-01
4.974922239780426025e-01 4.980294406414031982e-01 2.762838900089263916e-01 8.511896729469299316e-01 7.492899894714355469e-01 8.078482151031494141e-01
4.974922239780426025e-01 4.980294406414031982e-01 2.762838900089263916e-01 8.511896729469299316e-01 7.492899894714355469e-01 8.078482151031494141e-01
4.974922239780426025e-01 4.980294406414031982e-01 2.762838900089263916e-01 8.511896729469299316e-01 7.492899894714355469e-01 8.078482151031494141e-01
4.974922239780426025e-01 4.980294406414031982e-01 2.762838900089263916e-01 8.511896729469299316e-01 7.492899894714355469e-01 8.078482151031494141e-01
4.974922239780426025e-01 4.980294406414031982e-01 2.762838900089263916e-01 8.511896729469299316e-01 7.492899894714355469e-01 8.078482151031494141e-01
4.974922239780426025e-01 4.980294406414031982e-01 2.762838900089263916e-01 8.511896729469299316e-01 7.492899894714355469e-01 8.078482151031494141e-01
4.913563728332519531e-01 4.954565763473510742e-01 2.717009782791137695e-01 8.553940653800964355e-01 7.521502971649169922e-01 8.194396495819091797e-01
4.913563728332519531e-01 4.954565763473510742e-01 2.717009782791137695e-01 8.553940653800964355e-01 7.521502971649169922e-01 8.194396495819091797e-01
4.913563728332519531e-01 4.954565763473510742e-01 2.717009782791137695e-01 8.553940653800964355e-01 7.521502971649169922e-01 8.194396495819091797e-01
4.913563728332519531e-01 4.954565763473510742e-01 2.717009782791137695e-01 8.553940653800964355e-01 7.521502971649169922e-01 8.194396495819091797e-01
4.913563728332519531e-01 4.954565763473510742e-01 2.717009782791137695e-01 8.553940653800964355e-01 7.521502971649169922e-01 8.194396495819091797e-01
4.913563728332519531e-01 4.954565763473510742e-01 2.717009782791137695e-01 8.553940653800964355e-01 7.521502971649169922e-01 8.194396495819091797e-01
4.913563728332519531e-01 4.954565763473510742e-01 2.717009782791137695e-01 8.553940653800964355e-01 7.521502971649169922e-01 8.194396495819091797e-01
4.842100143432617188e-01 4.939399957656860352e-01 2.689692080020904541e-01 8.546428680419921875e-01 7.469922304153442383e-01 8.147472739219665527e-01
4.842100143432617188e-01 4.939399957656860352e-01 2.689692080020904541e-01 8.546428680419921875e-01 7.469922304153442383e-01 8.147472739219665527e-01
4.842100143432617188e-01 4.939399957656860352e-01 2.689692080020904541e-01 8.546428680419921875e-01 7.469922304153442383e-01 8.147472739219665527e-01
4.842100143432617188e-01 4.939399957656860352e-01 2.689692080020904541e-01 8.546428680419921875e-01 7.469922304153442383e-01 8.147472739219665527e-01
4.842100143432617188e-01 4.939399957656860352e-01 2.689692080020904541e-01 8.546428680419921875e-01 7.469922304153442383e-01 8.147472739219665527e-01
4.842100143432617188e-01 4.939399957656860352e-01 2.689692080020904541e-01 8.546428680419921875e-01 7.469922304153442383e-01 8.147472739219665527e-01
4.842100143432617188e-01 4.939399957656860352e-01 2.689692080020904541e-01 8.546428680419921875e-01 7.469922304153442383e-01 8.147472739219665527e-01
4.842100143432617188e-01 4.939399957656860352e-01 2.689692080020904541e-01 8.546428680419921875e-01 7.469922304153442383e-01 8.147472739219665527e-01
4.908700883388519287e-01 4.972978830337524414e-01 2.683903872966766357e-01 8.581513166427612305e-01 7.451044917106628418e-01 8.092563152313232422e-01
4.908700883388519287e-01 4.972978830337524414e-01 2.683903872966766357e-01 8.581513166427612305e-01 7.451044917106628418e-01 8.092563152313232422e-01
4.908700883388519287e-01 4.972978830337524414e-01 2.683903872966766357e-01 8.581513166427612305e-01 7.451044917106628418e-01 8.092563152313232422e-01
4.908700883388519287e-01 4.972978830337524414e-01 2.683903872966766357e-01 8.581513166427612305e-01 7.451044917106628418e-01 8.092563152313232422e-01
4.908700883388519287e-01 4.972978830337524414e-01 2.683903872966766357e-01 8.581513166427612305e-01 7.451044917106628418e-01 8.092563152313232422e-01
4.908700883388519287e-01 4.972978830337524414e-01 2.683903872966766357e-01 8.581513166427612305e-01 7.451044917106628418e-01 8.092563152313232422e-01
4.908700883388519287e-01 4.972978830337524414e-01 2.683903872966766357e-01 8.581513166427612305e-01 7.451044917106628418e-01 8.092563152313232422e-01
4.792915284633636475e-01 5.056741237640380859e-01 2.766166329383850098e-01 8.598187565803527832e-01 7.514554262161254883e-01 8.132289052009582520e-01
4.792915284633636475e-01 5.056741237640380859e-01 2.766166329383850098e-01 8.598187565803527832e-01 7.514554262161254883e-01 8.132289052009582520e-01
4.792915284633636475e-01 5.056741237640380859e-01 2.766166329383850098e-01 8.598187565803527832e-01 7.514554262161254883e-01 8.132289052009582520e-01
4.792915284633636475e-01 5.056741237640380859e-01 2.766166329383850098e-01 8.598187565803527832e-01 7.514554262161254883e-01 8.132289052009582520e-01
4.792915284633636475e-01 5.056741237640380859e-01 2.766166329383850098e-01 8.598187565803527832e-01 7.514554262161254883e-01 8.132289052009582520e-01
4.792915284633636475e-01 5.056741237640380859e-01 2.766166329383850098e-01 8.598187565803527832e-01 7.514554262161254883e-01 8.132289052009582520e-01
4.792915284633636475e-01 5.056741237640380859e-01 2.766166329383850098e-01 8.598187565803527832e-01 7.514554262161254883e-01 8.132289052009582520e-01
4.760265946388244629e-01 5.091797113418579102e-01 2.729681432247161865e-01 8.605444431304931641e-01 7.506986260414123535e-01 8.225190043449401855e-01
4.760265946388244629e-01 5.091797113418579102e-01 2.729681432247161865e-01 8.605444431304931641e-01 7.506986260414123535e-01 8.225190043449401855e-01
4.760265946388244629e-01 5.091797113418579102e-01 2.729681432247161865e-01 8.605444431304931641e-01 7.506986260414123535e-01 8.225190043449401855e-01
4.760265946388244629e-01 5.091797113418579102e-01 2.729681432247161865e-01 8.605444431304931641e-01 7.506986260414123535e-01 8.225190043449401855e-01
4.760265946388244629e-01 5.091797113418579102e-01 2.729681432247161865e-01 8.605444431304931641e-01 7.506986260414123535e-01 8.225190043449401855e-01
4.760265946388244629e-01 5.091797113418579102e-01 2.729681432247161865e-01 8.605444431304931641e-01 7.506986260414123535e-01 8.225190043449401855e-01
4.760265946388244629e-01 5.091797113418579102e-01 2.729681432247161865e-01 8.605444431304931641e-01 7.506986260414123535e-01 8.225190043449401855e-01
4.731595516204833984e-01 5.131555795669555664e-01 2.761529386043548584e-01 8.586468100547790527e-01 7.524417042732238770e-01 8.278452754020690918e-01
4.731595516204833984e-01 5.131555795669555664e-01 2.761529386043548584e-01 8.586468100547790527e-01 7.524417042732238770e-01 8.278452754020690918e-01
4.731595516204833984e-01 5.131555795669555664e-01 2.761529386043548584e-01 8.586468100547790527e-01 7.524417042732238770e-01 8.278452754020690918e-01
4.731595516204833984e-01 5.131555795669555664e-01 2.761529386043548584e-01 8.586468100547790527e-01 7.524417042732238770e-01 8.278452754020690918e-01
4.731595516204833984e-01 5.131555795669555664e-01 2.761529386043548584e-01 8.586468100547790527e-01 7.524417042732238770e-01 8.278452754020690918e-01
4.731595516204833984e-01 5.131555795669555664e-01 2.761529386043548584e-01 8.586468100547790527e-01 7.524417042732238770e-01 8.278452754020690918e-01
4.772663712501525879e-01 5.123978853225708008e-01 2.697808444499969482e-01 8.706385493278503418e-01 7.500617504119873047e-01 8.258574604988098145e-01
4.772663712501525879e-01 5.123978853225708008e-01 2.697808444499969482e-01 8.706385493278503418e-01 7.500617504119873047e-01 8.258574604988098145e-01
4.772663712501525879e-01 5.123978853225708008e-01 2.697808444499969482e-01 8.706385493278503418e-01 7.500617504119873047e-01 8.258574604988098145e-01
4.772663712501525879e-01 5.123978853225708008e-01 2.697808444499969482e-01 8.706385493278503418e-01 7.500617504119873047e-01 8.258574604988098145e-01
4.772663712501525879e-01 5.123978853225708008e-01 2.697808444499969482e-01 8.706385493278503418e-01 7.500617504119873047e-01 8.258574604988098145e-01
4.772663712501525879e-01 5.123978853225708008e-01 2.697808444499969482e-01 8.706385493278503418e-01 7.500617504119873047e-01 8.258574604988098145e-01
4.788500666618347168e-01 5.112549066543579102e-01 2.694536447525024414e-01 8.687647581100463867e-01 7.451975345611572266e-01 8.206120133399963379e-01
4.788500666618347168e-01 5.112549066543579102e-01 2.694536447525024414e-01 8.687647581100463867e-01 7.451975345611572266e-01 8.206120133399963379e-01
4.788500666618347168e-01 5.112549066543579102e-01 2.694536447525024414e-01 8.687647581100463867e-01 7.451975345611572266e-01 8.206120133399963379e-01
4.788500666618347168e-01 5.112549066543579102e-01 2.694536447525024414e-01 8.687647581100463867e-01 7.451975345611572266e-01 8.206120133399963379e-01
4.788500666618347168e-01 5.112549066543579102e-01 2.694536447525024414e-01 8.687647581100463867e-01 7.451975345611572266e-01 8.206120133399963379e-01
4.788500666618347168e-01 5.112549066543579102e-01 2.694536447525024414e-01 8.687647581100463867e-01 7.451975345611572266e-01 8.206120133399963379e-01
4.681390821933746338e-01 5.145987272262573242e-01 2.641797661781311035e-01 8.722501397132873535e-01 7.421061992645263672e-01 8.215205073356628418e-01
4.681390821933746338e-01 5.145987272262573242e-01 2.641797661781311035e-01 8.722501397132873535e-01 7.421061992645263672e-01 8.215205073356628418e-01
4.681390821933746338e-01 5.145987272262573242e-01 2.641797661781311035e-01 8.722501397132873535e-01 7.421061992645263672e-01 8.215205073356628418e-01
4.681390821933746338e-01 5.145987272262573242e-01 2.641797661781311035e-01 8.722501397132873535e-01 7.421061992645263672e-01 8.215205073356628418e-01
4.681390821933746338e-01 5.145987272262573242e-01 2.641797661781311035e-01 8.722501397132873535e-01 7.421061992645263672e-01 8.215205073356628418e-01
4.681390821933746338e-01 5.145987272262573242e-01 2.641797661781311035e-01 8.722501397132873535e-01 7.421061992645263672e-01 8.215205073356628418e-01
4.674420952796936035e-01 5.172816514968872070e-01 2.703634500503540039e-01 8.643270134925842285e-01 7.436958551406860352e-01 8.215199708938598633e-01
4.674420952796936035e-01 5.172816514968872070e-01 2.703634500503540039e-01 8.643270134925842285e-01 7.436958551406860352e-01 8.215199708938598633e-01
4.674420952796936035e-01 5.172816514968872070e-01 2.703634500503540039e-01 8.643270134925842285e-01 7.436958551406860352e-01 8.215199708938598633e-01
4.674420952796936035e-01 5.172816514968872070e-01 2.703634500503540039e-01 8.643270134925842285e-01 7.436958551406860352e-01 8.215199708938598633e-01
4.674420952796936035e-01 5.172816514968872070e-01 2.703634500503540039e-01 8.643270134925842285e-01 7.436958551406860352e-01 8.215199708938598633e-01
4.674420952796936035e-01 5.172816514968872070e-01 2.703634500503540039e-01 8.643270134925842285e-01 7.436958551406860352e-01 8.215199708938598633e-01
4.637353420257568359e-01 5.197535753250122070e-01 2.689901888370513916e-01 8.671430349349975586e-01 7.406655550003051758e-01 8.202171921730041504e-01
4.637353420257568359e-01 5.197535753250122070e-01 2.689901888370513916e-01 8.671430349349975586e-01 7.406655550003051758e-01 8.202171921730041504e-01
4.637353420257568359e-01 5.197535753250122070e-01 2.689901888370513916e-01 8.671430349349975586e-01 7.406655550003051758e-01 8.202171921730041504e-01
4.637353420257568359e-01 5.197535753250122070e-01 2.689901888370513916e-01 8.671430349349975586e-01 7.406655550003051758e-01 8.202171921730041504e-01
4.637353420257568359e-01 5.197535753250122070e-01 2.689901888370513916e-01 8.671430349349975586e-01 7.406655550003051758e-01 8.202171921730041504e-01
4.637353420257568359e-01 5.197535753250122070e-01 2.689901888370513916e-01 8.671430349349975586e-01 7.406655550003051758e-01 8.202171921730041504e-01
4.637353420257568359e-01 5.197535753250122070e-01 2.689901888370513916e-01 8.671430349349975586e-01 7.406655550003051758e-01 8.202171921730041504e-01
4.637353420257568359e-01 5.197535753250122070e-01 2.689901888370513916e-01 8.671430349349975586e-01 7.406655550003051758e-01 8.202171921730041504e-01
4.637353420257568359e-01 5.197535753250122070e-01 2.689901888370513916e-01 8.671430349349975586e-01 7.406655550003051758e-01 8.202171921730041504e-01
4.662724137306213379e-01 5.230638980865478516e-01 2.698336541652679443e-01 8.725417852401733398e-01 7.402077913284301758e-01 8.276471495628356934e-01
4.662724137306213379e-01 5.230638980865478516e-01 2.698336541652679443e-01 8.725417852401733398e-01 7.402077913284301758e-01 8.276471495628356934e-01
4.662724137306213379e-01 5.230638980865478516e-01 2.698336541652679443e-01 8.725417852401733398e-01 7.402077913284301758e-01 8.276471495628356934e-01
4.662724137306213379e-01 5.230638980865478516e-01 2.698336541652679443e-01 8.725417852401733398e-01 7.402077913284301758e-01 8.276471495628356934e-01
4.662724137306213379e-01 5.230638980865478516e-01 2.698336541652679443e-01 8.725417852401733398e-01 7.402077913284301758e-01 8.276471495628356934e-01
4.662724137306213379e-01 5.230638980865478516e-01 2.698336541652679443e-01 8.725417852401733398e-01 7.402077913284301758e-01 8.276471495628356934e-01
4.661037027835845947e-01 5.232819318771362305e-01 2.706750631332397461e-01 8.718526363372802734e-01 7.388932704925537109e-01 8.254157304763793945e-01
4.661037027835845947e-01 5.232819318771362305e-01 2.706750631332397461e-01 8.718526363372802734e-01 7.388932704925537109e-01 8.254157304763793945e-01
4.661037027835845947e-01 5.232819318771362305e-01 2.706750631332397461e-01 8.718526363372802734e-01 7.388932704925537109e-01 8.254157304763793945e-01
4.661037027835845947e-01 5.232819318771362305e-01 2.706750631332397461e-01 8.718526363372802734e-01 7.388932704925537109e-01 8.254157304763793945e-01
4.661037027835845947e-01 5.232819318771362305e-01 2.706750631332397461e-01 8.718526363372802734e-01 7.388932704925537109e-01 8.254157304763793945e-01
4.667868614196777344e-01 5.228838920593261719e-01 2.716895937919616699e-01 8.600295782089233398e-01 7.414370179176330566e-01 8.224428296089172363e-01
4.667868614196777344e-01 5.228838920593261719e-01 2.716895937919616699e-01 8.600295782089233398e-01 7.414370179176330566e-01 8.224428296089172363e-01
4.667868614196777344e-01 5.228838920593261719e-01 2.716895937919616699e-01 8.600295782089233398e-01 7.414370179176330566e-01 8.224428296089172363e-01
4.667868614196777344e-01 5.228838920593261719e-01 2.716895937919616699e-01 8.600295782089233398e-01 7.414370179176330566e-01 8.224428296089172363e-01
4.667868614196777344e-01 5.228838920593261719e-01 2.716895937919616699e-01 8.600295782089233398e-01 7.414370179176330566e-01 8.224428296089172363e-01
4.667868614196777344e-01 5.228838920593261719e-01 2.716895937919616699e-01 8.600295782089233398e-01 7.414370179176330566e-01 8.224428296089172363e-01
4.667868614196777344e-01 5.228838920593261719e-01 2.716895937919616699e-01 8.600295782089233398e-01 7.414370179176330566e-01 8.224428296089172363e-01
4.667868614196777344e-01 5.228838920593261719e-01 2.716895937919616699e-01 8.600295782089233398e-01 7.414370179176330566e-01 8.224428296089172363e-01
4.667868614196777344e-01 5.228838920593261719e-01 2.716895937919616699e-01 8.600295782089233398e-01 7.414370179176330566e-01 8.224428296089172363e-01
4.712260365486145020e-01 5.233736038208007812e-01 2.707044780254364014e-01 8.650477528572082520e-01 7.364894747734069824e-01 8.172311782836914062e-01
4.712260365486145020e-01 5.233736038208007812e-01 2.707044780254364014e-01 8.650477528572082520e-01 7.364894747734069824e-01 8.172311782836914062e-01
4.712260365486145020e-01 5.233736038208007812e-01 2.707044780254364014e-01 8.650477528572082520e-01 7.364894747734069824e-01 8.172311782836914062e-01
4.712260365486145020e-01 5.233736038208007812e-01 2.707044780254364014e-01 8.650477528572082520e-01 7.364894747734069824e-01 8.172311782836914062e-01
4.712260365486145020e-01 5.233736038208007812e-01 2.707044780254364014e-01 8.650477528572082520e-01 7.364894747734069824e-01 8.172311782836914062e-01
4.712260365486145020e-01 5.233736038208007812e-01 2.707044780254364014e-01 8.650477528572082520e-01 7.364894747734069824e-01 8.172311782836914062e-01
4.712260365486145020e-01 5.233736038208007812e-01 2.707044780254364014e-01 8.650477528572082520e-01 7.364894747734069824e-01 8.172311782836914062e-01
4.712260365486145020e-01 5.233736038208007812e-01 2.707044780254364014e-01 8.650477528572082520e-01 7.364894747734069824e-01 8.172311782836914062e-01
4.729730486869812012e-01 5.251926183700561523e-01 2.700424790382385254e-01 8.596337437629699707e-01 7.366001605987548828e-01 8.143584132194519043e-01
4.729730486869812012e-01 5.251926183700561523e-01 2.700424790382385254e-01 8.596337437629699707e-01 7.366001605987548828e-01 8.143584132194519043e-01
4.729730486869812012e-01 5.251926183700561523e-01 2.700424790382385254e-01 8.596337437629699707e-01 7.366001605987548828e-01 8.143584132194519043e-01
4.729730486869812012e-01 5.251926183700561523e-01 2.700424790382385254e-01 8.596337437629699707e-01 7.366001605987548828e-01 8.143584132194519043e-01
4.729730486869812012e-01 5.251926183700561523e-01 2.700424790382385254e-01 8.596337437629699707e-01 7.366001605987548828e-01 8.143584132194519043e-01
4.729730486869812012e-01 5.251926183700561523e-01 2.700424790382385254e-01 8.596337437629699707e-01 7.366001605987548828e-01 8.143584132194519043e-01
4.729730486869812012e-01 5.251926183700561523e-01 2.700424790382385254e-01 8.596337437629699707e-01 7.366001605987548828e-01 8.143584132194519043e-01
4.729730486869812012e-01 5.251926183700561523e-01 2.700424790382385254e-01 8.596337437629699707e-01 7.366001605987548828e-01 8.143584132194519043e-01
4.714975953102111816e-01 5.257484912872314453e-01 2.656910419464111328e-01 8.675073385238647461e-01 7.338735461235046387e-01 8.171908855438232422e-01
4.714975953102111816e-01 5.257484912872314453e-01 2.656910419464111328e-01 8.675073385238647461e-01 7.338735461235046387e-01 8.171908855438232422e-01
4.714975953102111816e-01 5.257484912872314453e-01 2.656910419464111328e-01 8.675073385238647461e-01 7.338735461235046387e-01 8.171908855438232422e-01
4.714975953102111816e-01 5.257484912872314453e-01 2.656910419464111328e-01 8.675073385238647461e-01 7.338735461235046387e-01 8.171908855438232422e-01
4.714975953102111816e-01 5.257484912872314453e-01 2.656910419464111328e-01 8.675073385238647461e-01 7.338735461235046387e-01 8.171908855438232422e-01
4.714975953102111816e-01 5.257484912872314453e-01 2.656910419464111328e-01 8.675073385238647461e-01 7.338735461235046387e-01 8.171908855438232422e-01
4.714975953102111816e-01 5.257484912872314453e-01 2.656910419464111328e-01 8.675073385238647461e-01 7.338735461235046387e-01 8.171908855438232422e-01
4.714975953102111816e-01 5.257484912872314453e-01 2.656910419464111328e-01 8.675073385238647461e-01 7.338735461235046387e-01 8.171908855438232422e-01
4.706965088844299316e-01 5.257731676101684570e-01 2.652913331985473633e-01 8.829329609870910645e-01 7.387146949768066406e-01 8.227552771568298340e-01
4.706965088844299316e-01 5.257731676101684570e-01 2.652913331985473633e-01 8.829329609870910645e-01 7.387146949768066406e-01 8.227552771568298340e-01
4.706965088844299316e-01 5.257731676101684570e-01 2.652913331985473633e-01 8.829329609870910645e-01 7.387146949768066406e-01 8.227552771568298340e-01
4.706965088844299316e-01 5.257731676101684570e-01 2.652913331985473633e-01 8.829329609870910645e-01 7.387146949768066406e-01 8.227552771568298340e-01
4.706965088844299316e-01 5.257731676101684570e-01 2.652913331985473633e-01 8.829329609870910645e-01 7.387146949768066406e-01 8.227552771568298340e-01
4.706965088844299316e-01 5.257731676101684570e-01 2.652913331985473633e-01 8.829329609870910645e-01 7.387146949768066406e-01 8.227552771568298340e-01
4.676086306571960449e-01 5.279659032821655273e-01 2.693995237350463867e-01 8.669343590736389160e-01 7.369042038917541504e-01 8.201962709426879883e-01
4.676086306571960449e-01 5.279659032821655273e-01 2.693995237350463867e-01 8.669343590736389160e-01 7.369042038917541504e-01 8.201962709426879883e-01
4.676086306571960449e-01 5.279659032821655273e-01 2.693995237350463867e-01 8.669343590736389160e-01 7.369042038917541504e-01 8.201962709426879883e-01
4.676086306571960449e-01 5.279659032821655273e-01 2.693995237350463867e-01 8.669343590736389160e-01 7.369042038917541504e-01 8.201962709426879883e-01
4.676086306571960449e-01 5.279659032821655273e-01 2.693995237350463867e-01 8.669343590736389160e-01 7.369042038917541504e-01 8.201962709426879883e-01
4.676086306571960449e-01 5.279659032821655273e-01 2.693995237350463867e-01 8.669343590736389160e-01 7.369042038917541504e-01 8.201962709426879883e-01
4.677287042140960693e-01 5.283665657043457031e-01 2.730632722377777100e-01 8.658950924873352051e-01 7.346377372741699219e-01 8.191483020782470703e-01
4.677287042140960693e-01 5.283665657043457031e-01 2.730632722377777100e-01 8.658950924873352051e-01 7.346377372741699219e-01 8.191483020782470703e-01
4.677287042140960693e-01 5.283665657043457031e-01 2.730632722377777100e-01 8.658950924873352051e-01 7.346377372741699219e-01 8.191483020782470703e-01
4.677287042140960693e-01 5.283665657043457031e-01 2.730632722377777100e-01 8.658950924873352051e-01 7.346377372741699219e-01 8.191483020782470703e-01
4.677287042140960693e-01 5.283665657043457031e-01 2.730632722377777100e-01 8.658950924873352051e-01 7.346377372741699219e-01 8.191483020782470703e-01
4.677287042140960693e-01 5.283665657043457031e-01 2.730632722377777100e-01 8.658950924873352051e-01 7.346377372741699219e-01 8.191483020782470703e-01
4.654399752616882324e-01 5.300897359848022461e-01 2.707759141921997070e-01 8.735119104385375977e-01 7.365791201591491699e-01 8.223312497138977051e-01
4.654399752616882324e-01 5.300897359848022461e-01 2.707759141921997070e-01 8.735119104385375977e-01 7.365791201591491699e-01 8.223312497138977051e-01
4.654399752616882324e-01 5.300897359848022461e-01 2.707759141921997070e-01 8.735119104385375977e-01 7.365791201591491699e-01 8.223312497138977051e-01
4.654399752616882324e-01 5.300897359848022461e-01 2.707759141921997070e-01 8.735119104385375977e-01 7.365791201591491699e-01 8.223312497138977051e-01
4.654399752616882324e-01 5.300897359848022461e-01 2.707759141921997070e-01 8.735119104385375977e-01 7.365791201591491699e-01 8.223312497138977051e-01
4.654399752616882324e-01 5.300897359848022461e-01 2.707759141921997070e-01 8.735119104385375977e-01 7.365791201591491699e-01 8.223312497138977051e-01
4.654399752616882324e-01 5.300897359848022461e-01 2.707759141921997070e-01 8.735119104385375977e-01 7.365791201591491699e-01 8.223312497138977051e-01
4.677136540412902832e-01 5.285259485244750977e-01 2.645331323146820068e-01 8.774724602699279785e-01 7.356170415878295898e-01 8.246774673461914062e-01
4.677136540412902832e-01 5.285259485244750977e-01 2.645331323146820068e-01 8.774724602699279785e-01 7.356170415878295898e-01 8.246774673461914062e-01
4.677136540412902832e-01 5.285259485244750977e-01 2.645331323146820068e-01 8.774724602699279785e-01 7.356170415878295898e-01 8.246774673461914062e-01
4.677136540412902832e-01 5.285259485244750977e-01 2.645331323146820068e-01 8.774724602699279785e-01 7.356170415878295898e-01 8.246774673461914062e-01
4.677136540412902832e-01 5.285259485244750977e-01 2.645331323146820068e-01 8.774724602699279785e-01 7.356170415878295898e-01 8.246774673461914062e-01
4.677136540412902832e-01 5.285259485244750977e-01 2.645331323146820068e-01 8.774724602699279785e-01 7.356170415878295898e-01 8.246774673461914062e-01
4.677136540412902832e-01 5.285259485244750977e-01 2.645331323146820068e-01 8.774724602699279785e-01 7.356170415878295898e-01 8.246774673461914062e-01
4.677136540412902832e-01 5.285259485244750977e-01 2.645331323146820068e-01 8.774724602699279785e-01 7.356170415878295898e-01 8.246774673461914062e-01
4.677136540412902832e-01 5.285259485244750977e-01 2.645331323146820068e-01 8.774724602699279785e-01 7.356170415878295898e-01 8.246774673461914062e-01
4.677136540412902832e-01 5.285259485244750977e-01 2.645331323146820068e-01 8.774724602699279785e-01 7.356170415878295898e-01 8.246774673461914062e-01
4.702177047729492188e-01 5.313515663146972656e-01 2.702259421348571777e-01 8.630612492561340332e-01 7.344398498535156250e-01 8.183759450912475586e-01
4.702177047729492188e-01 5.313515663146972656e-01 2.702259421348571777e-01 8.630612492561340332e-01 7.344398498535156250e-01 8.183759450912475586e-01
4.702177047729492188e-01 5.313515663146972656e-01 2.702259421348571777e-01 8.630612492561340332e-01 7.344398498535156250e-01 8.183759450912475586e-01
4.702177047729492188e-01 5.313515663146972656e-01 2.702259421348571777e-01 8.630612492561340332e-01 7.344398498535156250e-01 8.183759450912475586e-01
4.702177047729492188e-01 5.313515663146972656e-01 2.702259421348571777e-01 8.630612492561340332e-01 7.344398498535156250e-01 8.183759450912475586e-01
4.702177047729492188e-01 5.313515663146972656e-01 2.702259421348571777e-01 8.630612492561340332e-01 7.344398498535156250e-01 8.183759450912475586e-01
4.702177047729492188e-01 5.313515663146972656e-01 2.702259421348571777e-01 8.630612492561340332e-01 7.344398498535156250e-01 8.183759450912475586e-01
4.702177047729492188e-01 5.313515663146972656e-01 2.702259421348571777e-01 8.630612492561340332e-01 7.344398498535156250e-01 8.183759450912475586e-01
4.723945260047912598e-01 5.308853387832641602e-01 2.700411975383758545e-01 8.714659214019775391e-01 7.349811196327209473e-01 8.179106116294860840e-01
4.723945260047912598e-01 5.308853387832641602e-01 2.700411975383758545e-01 8.714659214019775391e-01 7.349811196327209473e-01 8.179106116294860840e-01
4.723945260047912598e-01 5.308853387832641602e-01 2.700411975383758545e-01 8.714659214019775391e-01 7.349811196327209473e-01 8.179106116294860840e-01
4.723945260047912598e-01 5.308853387832641602e-01 2.700411975383758545e-01 8.714659214019775391e-01 7.349811196327209473e-01 8.179106116294860840e-01
4.723945260047912598e-01 5.308853387832641602e-01 2.700411975383758545e-01 8.714659214019775391e-01 7.349811196327209473e-01 8.179106116294860840e-01
4.723945260047912598e-01 5.308853387832641602e-01 2.700411975383758545e-01 8.714659214019775391e-01 7.349811196327209473e-01 8.179106116294860840e-01
4.723945260047912598e-01 5.308853387832641602e-01 2.700411975383758545e-01 8.714659214019775391e-01 7.349811196327209473e-01 8.179106116294860840e-01
4.723945260047912598e-01 5.308853387832641602e-01 2.700411975383758545e-01 8.714659214019775391e-01 7.349811196327209473e-01 8.179106116294860840e-01
4.722727835178375244e-01 5.289263725280761719e-01 2.683260142803192139e-01 8.768476247787475586e-01 7.369839549064636230e-01 8.190008401870727539e-01
4.722727835178375244e-01 5.289263725280761719e-01 2.683260142803192139e-01 8.768476247787475586e-01 7.369839549064636230e-01 8.190008401870727539e-01
4.722727835178375244e-01 5.289263725280761719e-01 2.683260142803192139e-01 8.768476247787475586e-01 7.369839549064636230e-01 8.190008401870727539e-01
4.722727835178375244e-01 5.289263725280761719e-01 2.683260142803192139e-01 8.768476247787475586e-01 7.369839549064636230e-01 8.190008401870727539e-01
4.722727835178375244e-01 5.289263725280761719e-01 2.683260142803192139e-01 8.768476247787475586e-01 7.369839549064636230e-01 8.190008401870727539e-01
4.683387875556945801e-01 5.281870365142822266e-01 2.684516906738281250e-01 8.716494441032409668e-01 7.346363067626953125e-01 8.180954456329345703e-01
4.683387875556945801e-01 5.281870365142822266e-01 2.684516906738281250e-01 8.716494441032409668e-01 7.346363067626953125e-01 8.180954456329345703e-01
4.683387875556945801e-01 5.281870365142822266e-01 2.684516906738281250e-01 8.716494441032409668e-01 7.346363067626953125e-01 8.180954456329345703e-01
4.683387875556945801e-01 5.281870365142822266e-01 2.684516906738281250e-01 8.716494441032409668e-01 7.346363067626953125e-01 8.180954456329345703e-01
4.683387875556945801e-01 5.281870365142822266e-01 2.684516906738281250e-01 8.716494441032409668e-01 7.346363067626953125e-01 8.180954456329345703e-01
4.683387875556945801e-01 5.281870365142822266e-01 2.684516906738281250e-01 8.716494441032409668e-01 7.346363067626953125e-01 8.180954456329345703e-01
4.702314436435699463e-01 5.276749134063720703e-01 2.685839533805847168e-01 8.800022006034851074e-01 7.352091073989868164e-01 8.210787177085876465e-01
4.702314436435699463e-01 5.276749134063720703e-01 2.685839533805847168e-01 8.800022006034851074e-01 7.352091073989868164e-01 8.210787177085876465e-01
4.702314436435699463e-01 5.276749134063720703e-01 2.685839533805847168e-01 8.800022006034851074e-01 7.352091073989868164e-01 8.210787177085876465e-01
4.702314436435699463e-01 5.276749134063720703e-01 2.685839533805847168e-01 8.800022006034851074e-01 7.352091073989868164e-01 8.210787177085876465e-01
4.702314436435699463e-01 5.276749134063720703e-01 2.685839533805847168e-01 8.800022006034851074e-01 7.352091073989868164e-01 8.210787177085876465e-01
4.702314436435699463e-01 5.276749134063720703e-01 2.685839533805847168e-01 8.800022006034851074e-01 7.352091073989868164e-01 8.210787177085876465e-01
4.702314436435699463e-01 5.276749134063720703e-01 2.685839533805847168e-01 8.800022006034851074e-01 7.352091073989868164e-01 8.210787177085876465e-01
4.700872898101806641e-01 5.298305749893188477e-01 2.610654830932617188e-01 8.816478252410888672e-01 7.343280315399169922e-01 8.246856331825256348e-01
4.700872898101806641e-01 5.298305749893188477e-01 2.610654830932617188e-01 8.816478252410888672e-01 7.343280315399169922e-01 8.246856331825256348e-01
4.700872898101806641e-01 5.298305749893188477e-01 2.610654830932617188e-01 8.816478252410888672e-01 7.343280315399169922e-01 8.246856331825256348e-01
4.700872898101806641e-01 5.298305749893188477e-01 2.610654830932617188e-01 8.816478252410888672e-01 7.343280315399169922e-01 8.246856331825256348e-01
4.700872898101806641e-01 5.298305749893188477e-01 2.610654830932617188e-01 8.816478252410888672e-01 7.343280315399169922e-01 8.246856331825256348e-01
4.700872898101806641e-01 5.298305749893188477e-01 2.610654830932617188e-01 8.816478252410888672e-01 7.343280315399169922e-01 8.246856331825256348e-01
4.720810055732727051e-01 5.262168645858764648e-01 2.677097618579864502e-01 8.790724873542785645e-01 7.357113957405090332e-01 8.268530368804931641e-01
4.720810055732727051e-01 5.262168645858764648e-01 2.677097618579864502e-01 8.790724873542785645e-01 7.357113957405090332e-01 8.268530368804931641e-01
4.720810055732727051e-01 5.262168645858764648e-01 2.677097618579864502e-01 8.790724873542785645e-01 7.357113957405090332e-01 8.268530368804931641e-01
4.720810055732727051e-01 5.262168645858764648e-01 2.677097618579864502e-01 8.790724873542785645e-01 7.357113957405090332e-01 8.268530368804931641e-01
4.720810055732727051e-01 5.262168645858764648e-01 2.677097618579864502e-01 8.790724873542785645e-01 7.357113957405090332e-01 8.268530368804931641e-01
4.693731367588043213e-01 5.258986949920654297e-01 2.710603177547454834e-01 8.680810928344726562e-01 7.370682358741760254e-01 8.173646926879882812e-01
4.693731367588043213e-01 5.258986949920654297e-01 2.710603177547454834e-01 8.680810928344726562e-01 7.370682358741760254e-01 8.173646926879882812e-01
4.693731367588043213e-01 5.258986949920654297e-01 2.710603177547454834e-01 8.680810928344726562e-01 7.370682358741760254e-01 8.173646926879882812e-01
4.693731367588043213e-01 5.258986949920654297e-01 2.710603177547454834e-01 8.680810928344726562e-01 7.370682358741760254e-01 8.173646926879882812e-01
4.693731367588043213e-01 5.258986949920654297e-01 2.710603177547454834e-01 8.680810928344726562e-01 7.370682358741760254e-01 8.173646926879882812e-01
4.693731367588043213e-01 5.258986949920654297e-01 2.710603177547454834e-01 8.680810928344726562e-01 7.370682358741760254e-01 8.173646926879882812e-01
4.693731367588043213e-01 5.258986949920654297e-01 2.710603177547454834e-01 8.680810928344726562e-01 7.370682358741760254e-01 8.173646926879882812e-01
4.686191678047180176e-01 5.271863937377929688e-01 2.710056006908416748e-01 8.694707751274108887e-01 7.337014675140380859e-01 8.160023093223571777e-01
4.686191678047180176e-01 5.271863937377929688e-01 2.710056006908416748e-01 8.694707751274108887e-01 7.337014675140380859e-01 8.160023093223571777e-01
4.686191678047180176e-01 5.271863937377929688e-01 2.710056006908416748e-01 8.694707751274108887e-01 7.337014675140380859e-01 8.160023093223571777e-01
4.686191678047180176e-01 5.271863937377929688e-01 2.710056006908416748e-01 8.694707751274108887e-01 7.337014675140380859e-01 8.160023093223571777e-01
4.686191678047180176e-01 5.271863937377929688e-01 2.710056006908416748e-01 8.694707751274108887e-01 7.337014675140380859e-01 8.160023093223571777e-01
4.703539013862609863e-01 5.242946147918701172e-01 2.685059309005737305e-01 8.655418157577514648e-01 7.373521327972412109e-01 8.224035501480102539e-01
4.703539013862609863e-01 5.242946147918701172e-01 2.685059309005737305e-01 8.655418157577514648e-01 7.373521327972412109e-01 8.224035501480102539e-01
4.703539013862609863e-01 5.242946147918701172e-01 2.685059309005737305e-01 8.655418157577514648e-01 7.373521327972412109e-01 8.224035501480102539e-01
4.703539013862609863e-01 5.242946147918701172e-01 2.685059309005737305e-01 8.655418157577514648e-01 7.373521327972412109e-01 8.224035501480102539e-01
4.703539013862609863e-01 5.242946147918701172e-01 2.685059309005737305e-01 8.655418157577514648e-01 7.373521327972412109e-01 8.224035501480102539e-01
4.703539013862609863e-01 5.242946147918701172e-01 2.685059309005737305e-01 8.655418157577514648e-01 7.373521327972412109e-01 8.224035501480102539e-01
4.703539013862609863e-01 5.242946147918701172e-01 2.685059309005737305e-01 8.655418157577514648e-01 7.373521327972412109e-01 8.224035501480102539e-01
4.734460711479187012e-01 5.248370170593261719e-01 2.642744183540344238e-01 8.692918419837951660e-01 7.385210394859313965e-01 8.233326077461242676e-01
4.734460711479187012e-01 5.248370170593261719e-01 2.642744183540344238e-01 8.692918419837951660e-01 7.385210394859313965e-01 8.233326077461242676e-01
4.734460711479187012e-01 5.248370170593261719e-01 2.642744183540344238e-01 8.692918419837951660e-01 7.385210394859313965e-01 8.233326077461242676e-01
4.734460711479187012e-01 5.248370170593261719e-01 2.642744183540344238e-01 8.692918419837951660e-01 7.385210394859313965e-01 8.233326077461242676e-01
4.734460711479187012e-01 5.248370170593261719e-01 2.642744183540344238e-01 8.692918419837951660e-01 7.385210394859313965e-01 8.233326077461242676e-01
4.734460711479187012e-01 5.248370170593261719e-01 2.642744183540344238e-01 8.692918419837951660e-01 7.385210394859313965e-01 8.233326077461242676e-01
4.726438522338867188e-01 5.230861902236938477e-01 2.625905871391296387e-01 8.807461261749267578e-01 7.389354705810546875e-01 8.232470750808715820e-01
4.726438522338867188e-01 5.230861902236938477e-01 2.625905871391296387e-01 8.807461261749267578e-01 7.389354705810546875e-01 8.232470750808715820e-01
4.726438522338867188e-01 5.230861902236938477e-01 2.625905871391296387e-01 8.807461261749267578e-01 7.389354705810546875e-01 8.232470750808715820e-01
4.726438522338867188e-01 5.230861902236938477e-01 2.625905871391296387e-01 8.807461261749267578e-01 7.389354705810546875e-01 8.232470750808715820e-01
4.726438522338867188e-01 5.230861902236938477e-01 2.625905871391296387e-01 8.807461261749267578e-01 7.389354705810546875e-01 8.232470750808715820e-01
4.726438522338867188e-01 5.230861902236938477e-01 2.625905871391296387e-01 8.807461261749267578e-01 7.389354705810546875e-01 8.232470750808715820e-01
4.726438522338867188e-01 5.230861902236938477e-01 2.625905871391296387e-01 8.807461261749267578e-01 7.389354705810546875e-01 8.232470750808715820e-01
4.726438522338867188e-01 5.230861902236938477e-01 2.625905871391296387e-01 8.807461261749267578e-01 7.389354705810546875e-01 8.232470750808715820e-01
4.726438522338867188e-01 5.230861902236938477e-01 2.625905871391296387e-01 8.807461261749267578e-01 7.389354705810546875e-01 8.232470750808715820e-01
4.726438522338867188e-01 5.230861902236938477e-01 2.625905871391296387e-01 8.807461261749267578e-01 7.389354705810546875e-01 8.232470750808715820e-01
4.726438522338867188e-01 5.230861902236938477e-01 2.625905871391296387e-01 8.807461261749267578e-01 7.389354705810546875e-01 8.232470750808715820e-01
4.672347903251647949e-01 5.257402658462524414e-01 2.573354840278625488e-01 8.836580514907836914e-01 7.420256137847900391e-01 8.269603252410888672e-01
4.672347903251647949e-01 5.257402658462524414e-01 2.573354840278625488e-01 8.836580514907836914e-01 7.420256137847900391e-01 8.269603252410888672e-01
4.672347903251647949e-01 5.257402658462524414e-01 2.573354840278625488e-01 8.836580514907836914e-01 7.420256137847900391e-01 8.269603252410888672e-01
4.672347903251647949e-01 5.257402658462524414e-01 2.573354840278625488e-01 8.836580514907836914e-01 7.420256137847900391e-01 8.269603252410888672e-01
4.672347903251647949e-01 5.257402658462524414e-01 2.573354840278625488e-01 8.836580514907836914e-01 7.420256137847900391e-01 8.269603252410888672e-01
4.672347903251647949e-01 5.257402658462524414e-01 2.573354840278625488e-01 8.836580514907836914e-01 7.420256137847900391e-01 8.269603252410888672e-01
4.660948216915130615e-01 5.269398689270019531e-01 2.534110844135284424e-01 8.863759636878967285e-01 7.406724691390991211e-01 8.288053870201110840e-01
4.660948216915130615e-01 5.269398689270019531e-01 2.534110844135284424e-01 8.863759636878967285e-01 7.406724691390991211e-01 8.288053870201110840e-01
4.660948216915130615e-01 5.269398689270019531e-01 2.534110844135284424e-01 8.863759636878967285e-01 7.406724691390991211e-01 8.288053870201110840e-01
4.660948216915130615e-01 5.269398689270019531e-01 2.534110844135284424e-01 8.863759636878967285e-01 7.406724691390991211e-01 8.288053870201110840e-01
4.660948216915130615e-01 5.269398689270019531e-01 2.534110844135284424e-01 8.863759636878967285e-01 7.406724691390991211e-01 8.288053870201110840e-01
4.660948216915130615e-01 5.269398689270019531e-01 2.534110844135284424e-01 8.863759636878967285e-01 7.406724691390991211e-01 8.288053870201110840e-01
4.660948216915130615e-01 5.269398689270019531e-01 2.534110844135284424e-01 8.863759636878967285e-01 7.406724691390991211e-01 8.288053870201110840e-01
4.660948216915130615e-01 5.269398689270019531e-01 2.534110844135284424e-01 8.863759636878967285e-01 7.406724691390991211e-01 8.288053870201110840e-01
4.687543809413909912e-01 5.281469821929931641e-01 2.671546936035156250e-01 8.824598789215087891e-01 7.417717576026916504e-01 8.313597440719604492e-01
4.687543809413909912e-01 5.281469821929931641e-01 2.671546936035156250e-01 8.824598789215087891e-01 7.417717576026916504e-01 8.313597440719604492e-01
4.687543809413909912e-01 5.281469821929931641e-01 2.671546936035156250e-01 8.824598789215087891e-01 7.417717576026916504e-01 8.313597440719604492e-01
4.687543809413909912e-01 5.281469821929931641e-01 2.671546936035156250e-01 8.824598789215087891e-01 7.417717576026916504e-01 8.313597440719604492e-01
4.687543809413909912e-01 5.281469821929931641e-01 2.671546936035156250e-01 8.824598789215087891e-01 7.417717576026916504e-01 8.313597440719604492e-01
4.687543809413909912e-01 5.281469821929931641e-01 2.671546936035156250e-01 8.824598789215087891e-01 7.417717576026916504e-01 8.313597440719604492e-01
4.687543809413909912e-01 5.281469821929931641e-01 2.671546936035156250e-01 8.824598789215087891e-01 7.417717576026916504e-01 8.313597440719604492e-01
4.687543809413909912e-01 5.281469821929931641e-01 2.671546936035156250e-01 8.824598789215087891e-01 7.417717576026916504e-01 8.313597440719604492e-01
4.687543809413909912e-01 5.281469821929931641e-01 2.671546936035156250e-01 8.824598789215087891e-01 7.417717576026916504e-01 8.313597440719604492e-01
4.716619849205017090e-01 5.263975858688354492e-01 2.591008245944976807e-01 8.816280364990234375e-01 7.414158582687377930e-01 8.308408856391906738e-01
4.716619849205017090e-01 5.263975858688354492e-01 2.591008245944976807e-01 8.816280364990234375e-01 7.414158582687377930e-01 8.308408856391906738e-01
4.716619849205017090e-01 5.263975858688354492e-01 2.591008245944976807e-01 8.816280364990234375e-01 7.414158582687377930e-01 8.308408856391906738e-01
4.716619849205017090e-01 5.263975858688354492e-01 2.591008245944976807e-01 8.816280364990234375e-01 7.414158582687377930e-01 8.308408856391906738e-01
4.716619849205017090e-01 5.263975858688354492e-01 2.591008245944976807e-01 8.816280364990234375e-01 7.414158582687377930e-01 8.308408856391906738e-01
4.716619849205017090e-01 5.263975858688354492e-01 2.591008245944976807e-01 8.816280364990234375e-01 7.414158582687377930e-01 8.308408856391906738e-01
4.668334126472473145e-01 5.259157419204711914e-01 2.577360868453979492e-01 8.851135969161987305e-01 7.381054759025573730e-01 8.294329047203063965e-01
4.668334126472473145e-01 5.259157419204711914e-01 2.577360868453979492e-01 8.851135969161987305e-01 7.381054759025573730e-01 8.294329047203063965e-01
4.668334126472473145e-01 5.259157419204711914e-01 2.577360868453979492e-01 8.851135969161987305e-01 7.381054759025573730e-01 8.294329047203063965e-01
4.668334126472473145e-01 5.259157419204711914e-01 2.577360868453979492e-01 8.851135969161987305e-01 7.381054759025573730e-01 8.294329047203063965e-01
4.668334126472473145e-01 5.259157419204711914e-01 2.577360868453979492e-01 8.851135969161987305e-01 7.381054759025573730e-01 8.294329047203063965e-01
4.668334126472473145e-01 5.259157419204711914e-01 2.577360868453979492e-01 8.851135969161987305e-01 7.381054759025573730e-01 8.294329047203063965e-01
4.668334126472473145e-01 5.259157419204711914e-01 2.577360868453979492e-01 8.851135969161987305e-01 7.381054759025573730e-01 8.294329047203063965e-01
4.668334126472473145e-01 5.259157419204711914e-01 2.577360868453979492e-01 8.851135969161987305e-01 7.381054759025573730e-01 8.294329047203063965e-01
4.668334126472473145e-01 5.259157419204711914e-01 2.577360868453979492e-01 8.851135969161987305e-01 7.381054759025573730e-01 8.294329047203063965e-01
4.659399390220642090e-01 5.286651849746704102e-01 2.536988258361816406e-01 8.873028159141540527e-01 7.384033203125000000e-01 8.307591676712036133e-01
4.659399390220642090e-01 5.286651849746704102e-01 2.536988258361816406e-01 8.873028159141540527e-01 7.384033203125000000e-01 8.307591676712036133e-01
4.659399390220642090e-01 5.286651849746704102e-01 2.536988258361816406e-01 8.873028159141540527e-01 7.384033203125000000e-01 8.307591676712036133e-01
4.659399390220642090e-01 5.286651849746704102e-01 2.536988258361816406e-01 8.873028159141540527e-01 7.384033203125000000e-01 8.307591676712036133e-01
4.659399390220642090e-01 5.286651849746704102e-01 2.536988258361816406e-01 8.873028159141540527e-01 7.384033203125000000e-01 8.307591676712036133e-01
4.659399390220642090e-01 5.286651849746704102e-01 2.536988258361816406e-01 8.873028159141540527e-01 7.384033203125000000e-01 8.307591676712036133e-01
4.659399390220642090e-01 5.286651849746704102e-01 2.536988258361816406e-01 8.873028159141540527e-01 7.384033203125000000e-01 8.307591676712036133e-01
4.670236706733703613e-01 5.286394357681274414e-01 2.568028569221496582e-01 8.945540785789489746e-01 7.385878562927246094e-01 8.345955610275268555e-01
4.670236706733703613e-01 5.286394357681274414e-01 2.568028569221496582e-01 8.945540785789489746e-01 7.385878562927246094e-01 8.345955610275268555e-01
4.670236706733703613e-01 5.286394357681274414e-01 2.568028569221496582e-01 8.945540785789489746e-01 7.385878562927246094e-01 8.345955610275268555e-01
4.670236706733703613e-01 5.286394357681274414e-01 2.568028569221496582e-01 8.945540785789489746e-01 7.385878562927246094e-01 8.345955610275268555e-01
4.670236706733703613e-01 5.286394357681274414e-01 2.568028569221496582e-01 8.945540785789489746e-01 7.385878562927246094e-01 8.345955610275268555e-01
4.670236706733703613e-01 5.286394357681274414e-01 2.568028569221496582e-01 8.945540785789489746e-01 7.385878562927246094e-01 8.345955610275268555e-01
4.602427482604980469e-01 5.305826663970947266e-01 2.603961229324340820e-01 8.885586857795715332e-01 7.390658259391784668e-01 8.289297819137573242e-01
4.602427482604980469e-01 5.305826663970947266e-01 2.603961229324340820e-01 8.885586857795715332e-01 7.390658259391784668e-01 8.289297819137573242e-01
4.602427482604980469e-01 5.305826663970947266e-01 2.603961229324340820e-01 8.885586857795715332e-01 7.390658259391784668e-01 8.289297819137573242e-01
4.602427482604980469e-01 5.305826663970947266e-01 2.603961229324340820e-01 8.885586857795715332e-01 7.390658259391784668e-01 8.289297819137573242e-01
4.602427482604980469e-01 5.305826663970947266e-01 2.603961229324340820e-01 8.885586857795715332e-01 7.390658259391784668e-01 8.289297819137573242e-01
4.627301096916198730e-01 5.319939851760864258e-01 2.540678679943084717e-01 8.911907076835632324e-01 7.416273355484008789e-01 8.343318700790405273e-01
4.627301096916198730e-01 5.319939851760864258e-01 2.540678679943084717e-01 8.911907076835632324e-01 7.416273355484008789e-01 8.343318700790405273e-01
4.627301096916198730e-01 5.319939851760864258e-01 2.540678679943084717e-01 8.911907076835632324e-01 7.416273355484008789e-01 8.343318700790405273e-01
4.627301096916198730e-01 5.319939851760864258e-01 2.540678679943084717e-01 8.911907076835632324e-01 7.416273355484008789e-01 8.343318700790405273e-01
4.627301096916198730e-01 5.319939851760864258e-01 2.540678679943084717e-01 8.911907076835632324e-01 7.416273355484008789e-01 8.343318700790405273e-01
4.627301096916198730e-01 5.319939851760864258e-01 2.540678679943084717e-01 8.911907076835632324e-01 7.416273355484008789e-01 8.343318700790405273e-01
4.627301096916198730e-01 5.319939851760864258e-01 2.540678679943084717e-01 8.911907076835632324e-01 7.416273355484008789e-01 8.343318700790405273e-01
4.617287516593933105e-01 5.328983068466186523e-01 2.710328400135040283e-01 8.801718950271606445e-01 7.410786747932434082e-01 8.285636901855468750e-01
4.617287516593933105e-01 5.328983068466186523e-01 2.710328400135040283e-01 8.801718950271606445e-01 7.410786747932434082e-01 8.285636901855468750e-01
4.617287516593933105e-01 5.328983068466186523e-01 2.710328400135040283e-01 8.801718950271606445e-01 7.410786747932434082e-01 8.285636901855468750e-01
4.617287516593933105e-01 5.328983068466186523e-01 2.710328400135040283e-01 8.801718950271606445e-01 7.410786747932434082e-01 8.285636901855468750e-01
4.617287516593933105e-01 5.328983068466186523e-01 2.710328400135040283e-01 8.801718950271606445e-01 7.410786747932434082e-01 8.285636901855468750e-01
4.617287516593933105e-01 5.328983068466186523e-01 2.710328400135040283e-01 8.801718950271606445e-01 7.410786747932434082e-01 8.285636901855468750e-01
4.617287516593933105e-01 5.328983068466186523e-01 2.710328400135040283e-01 8.801718950271606445e-01 7.410786747932434082e-01 8.285636901855468750e-01
4.619151651859283447e-01 5.331492424011230469e-01 2.634328901767730713e-01 8.839729428291320801e-01 7.394252419471740723e-01 8.336641788482666016e-01
4.619151651859283447e-01 5.331492424011230469e-01 2.634328901767730713e-01 8.839729428291320801e-01 7.394252419471740723e-01 8.336641788482666016e-01
4.619151651859283447e-01 5.331492424011230469e-01 2.634328901767730713e-01 8.839729428291320801e-01 7.394252419471740723e-01 8.336641788482666016e-01
4.619151651859283447e-01 5.331492424011230469e-01 2.634328901767730713e-01 8.839729428291320801e-01 7.394252419471740723e-01 8.336641788482666016e-01
4.619151651859283447e-01 5.331492424011230469e-01 2.634328901767730713e-01 8.839729428291320801e-01 7.394252419471740723e-01 8.336641788482666016e-01
4.619151651859283447e-01 5.331492424011230469e-01 2.634328901767730713e-01 8.839729428291320801e-01 7.394252419471740723e-01 8.336641788482666016e-01
4.619151651859283447e-01 5.331492424011230469e-01 2.634328901767730713e-01 8.839729428291320801e-01 7.394252419471740723e-01 8.336641788482666016e-01
4.627725481986999512e-01 5.310485363006591797e-01 2.615631222724914551e-01 8.847593665122985840e-01 7.365947365760803223e-01 8.282938599586486816e-01
4.627725481986999512e-01 5.310485363006591797e-01 2.615631222724914551e-01 8.847593665122985840e-01 7.365947365760803223e-01 8.282938599586486816e-01
4.627725481986999512e-01 5.310485363006591797e-01 2.615631222724914551e-01 8.847593665122985840e-01 7.365947365760803223e-01 8.282938599586486816e-01
4.627725481986999512e-01 5.310485363006591797e-01 2.615631222724914551e-01 8.847593665122985840e-01 7.365947365760803223e-01 8.282938599586486816e-01
4.627725481986999512e-01 5.310485363006591797e-01 2.615631222724914551e-01 8.847593665122985840e-01 7.365947365760803223e-01 8.282938599586486816e-01
4.627725481986999512e-01 5.310485363006591797e-01 2.615631222724914551e-01 8.847593665122985840e-01 7.365947365760803223e-01 8.282938599586486816e-01
4.627725481986999512e-01 5.310485363006591797e-01 2.615631222724914551e-01 8.847593665122985840e-01 7.365947365760803223e-01 8.282938599586486816e-01
4.627725481986999512e-01 5.310485363006591797e-01 2.615631222724914551e-01 8.847593665122985840e-01 7.365947365760803223e-01 8.282938599586486816e-01
4.598489403724670410e-01 5.298207998275756836e-01 2.683532536029815674e-01 8.812128305435180664e-01 7.388246059417724609e-01 8.295529484748840332e-01
4.598489403724670410e-01 5.298207998275756836e-01 2.683532536029815674e-01 8.812128305435180664e-01 7.388246059417724609e-01 8.295529484748840332e-01
4.598489403724670410e-01 5.298207998275756836e-01 2.683532536029815674e-01 8.812128305435180664e-01 7.388246059417724609e-01 8.295529484748840332e-01
4.598489403724670410e-01 5.298207998275756836e-01 2.683532536029815674e-01 8.812128305435180664e-01 7.388246059417724609e-01 8.295529484748840332e-01
4.598489403724670410e-01 5.298207998275756836e-01 2.683532536029815674e-01 8.812128305435180664e-01 7.388246059417724609e-01 8.295529484748840332e-01
4.598489403724670410e-01 5.298207998275756836e-01 2.683532536029815674e-01 8.812128305435180664e-01 7.388246059417724609e-01 8.295529484748840332e-01
4.598489403724670410e-01 5.298207998275756836e-01 2.683532536029815674e-01 8.812128305435180664e-01 7.388246059417724609e-01 8.295529484748840332e-01
4.568056464195251465e-01 5.305685997009277344e-01 2.638967037200927734e-01 8.776165246963500977e-01 7.377716898918151855e-01 8.276532292366027832e-01
4.568056464195251465e-01 5.305685997009277344e-01 2.638967037200927734e-01 8.776165246963500977e-01 7.377716898918151855e-01 8.276532292366027832e-01
4.568056464195251465e-01 5.305685997009277344e-01 2.638967037200927734e-01 8.776165246963500977e-01 7.377716898918151855e-01 8.276532292366027832e-01
4.568056464195251465e-01 5.305685997009277344e-01 2.638967037200927734e-01 8.776165246963500977e-01 7.377716898918151855e-01 8.276532292366027832e-01
4.568056464195251465e-01 5.305685997009277344e-01 2.638967037200927734e-01 8.776165246963500977e-01 7.377716898918151855e-01 8.276532292366027832e-01
4.568056464195251465e-01 5.305685997009277344e-01 2.638967037200927734e-01 8.776165246963500977e-01 7.377716898918151855e-01 8.276532292366027832e-01
4.568056464195251465e-01 5.305685997009277344e-01 2.638967037200927734e-01 8.776165246963500977e-01 7.377716898918151855e-01 8.276532292366027832e-01
4.560143351554870605e-01 5.295494794845581055e-01 2.546451389789581299e-01 8.968815207481384277e-01 7.403177022933959961e-01 8.319682478904724121e-01
4.560143351554870605e-01 5.295494794845581055e-01 2.546451389789581299e-01 8.968815207481384277e-01 7.403177022933959961e-01 8.319682478904724121e-01
4.560143351554870605e-01 5.295494794845581055e-01 2.546451389789581299e-01 8.968815207481384277e-01 7.403177022933959961e-01 8.319682478904724121e-01
4.560143351554870605e-01 5.295494794845581055e-01 2.546451389789581299e-01 8.968815207481384277e-01 7.403177022933959961e-01 8.319682478904724121e-01
4.560143351554870605e-01 5.295494794845581055e-01 2.546451389789581299e-01 8.968815207481384277e-01 7.403177022933959961e-01 8.319682478904724121e-01
4.582444727420806885e-01 5.314649343490600586e-01 2.500753104686737061e-01 8.891184329986572266e-01 7.339600324630737305e-01 8.299238681793212891e-01
4.582444727420806885e-01 5.314649343490600586e-01 2.500753104686737061e-01 8.891184329986572266e-01 7.339600324630737305e-01 8.299238681793212891e-01
4.582444727420806885e-01 5.314649343490600586e-01 2.500753104686737061e-01 8.891184329986572266e-01 7.339600324630737305e-01 8.299238681793212891e-01
4.582444727420806885e-01 5.314649343490600586e-01 2.500753104686737061e-01 8.891184329986572266e-01 7.339600324630737305e-01 8.299238681793212891e-01
4.582444727420806885e-01 5.314649343490600586e-01 2.500753104686737061e-01 8.891184329986572266e-01 7.339600324630737305e-01 8.299238681793212891e-01
4.582444727420806885e-01 5.314649343490600586e-01 2.500753104686737061e-01 8.891184329986572266e-01 7.339600324630737305e-01 8.299238681793212891e-01
4.582444727420806885e-01 5.314649343490600586e-01 2.500753104686737061e-01 8.891184329986572266e-01 7.339600324630737305e-01 8.299238681793212891e-01
4.704387784004211426e-01 5.339430570602416992e-01 2.450019419193267822e-01 8.980220556259155273e-01 7.454787492752075195e-01 8.599355816841125488e-01
4.704387784004211426e-01 5.339430570602416992e-01 2.450019419193267822e-01 8.980220556259155273e-01 7.454787492752075195e-01 8.599355816841125488e-01
4.704387784004211426e-01 5.339430570602416992e-01 2.450019419193267822e-01 8.980220556259155273e-01 7.454787492752075195e-01 8.599355816841125488e-01
4.704387784004211426e-01 5.339430570602416992e-01 2.450019419193267822e-01 8.980220556259155273e-01 7.454787492752075195e-01 8.599355816841125488e-01
4.704387784004211426e-01 5.339430570602416992e-01 2.450019419193267822e-01 8.980220556259155273e-01 7.454787492752075195e-01 8.599355816841125488e-01
4.704387784004211426e-01 5.339430570602416992e-01 2.450019419193267822e-01 8.980220556259155273e-01 7.454787492752075195e-01 8.599355816841125488e-01
4.704387784004211426e-01 5.339430570602416992e-01 2.450019419193267822e-01 8.980220556259155273e-01 7.454787492752075195e-01 8.599355816841125488e-01
4.678307473659515381e-01 5.360983610153198242e-01 2.574273347854614258e-01 8.901783227920532227e-01 7.287930250167846680e-01 8.210653066635131836e-01
4.678307473659515381e-01 5.360983610153198242e-01 2.574273347854614258e-01 8.901783227920532227e-01 7.287930250167846680e-01 8.210653066635131836e-01
4.678307473659515381e-01 5.360983610153198242e-01 2.574273347854614258e-01 8.901783227920532227e-01 7.287930250167846680e-01 8.210653066635131836e-01
4.678307473659515381e-01 5.360983610153198242e-01 2.574273347854614258e-01 8.901783227920532227e-01 7.287930250167846680e-01 8.210653066635131836e-01
4.678307473659515381e-01 5.360983610153198242e-01 2.574273347854614258e-01 8.901783227920532227e-01 7.287930250167846680e-01 8.210653066635131836e-01
4.644593596458435059e-01 5.344361066818237305e-01 2.446050345897674561e-01 8.962505459785461426e-01 7.433724999427795410e-01 8.277056217193603516e-01
4.644593596458435059e-01 5.344361066818237305e-01 2.446050345897674561e-01 8.962505459785461426e-01 7.433724999427795410e-01 8.277056217193603516e-01
4.644593596458435059e-01 5.344361066818237305e-01 2.446050345897674561e-01 8.962505459785461426e-01 7.433724999427795410e-01 8.277056217193603516e-01
4.644593596458435059e-01 5.344361066818237305e-01 2.446050345897674561e-01 8.962505459785461426e-01 7.433724999427795410e-01 8.277056217193603516e-01
4.644593596458435059e-01 5.344361066818237305e-01 2.446050345897674561e-01 8.962505459785461426e-01 7.433724999427795410e-01 8.277056217193603516e-01
4.644593596458435059e-01 5.344361066818237305e-01 2.446050345897674561e-01 8.962505459785461426e-01 7.433724999427795410e-01 8.277056217193603516e-01
